Campaign1
00000000000000000000000000000000
00000000000000000000000000000000
00000000000000000000000000000000
00000000000000000000000000000000
00000000000000000000000000000000
000009aaa0000000000009aaa0000000
00000aaaa000000000000aaaa0000000
00000aaaa000000000000aaaa0000000
00000000000000000000000000000000
00000000000000000000000000000000
00000000000000000000000000000000
00000000000000000000000000000000
00000000000000000000000000000000
00000000000000000000000000000000
00000000000000000000000000000000
44444444444424434424444444444444
00000000000020030020000000000000
00007000000020030020000070000000
00000000000020030020000000000000
00000000100020030020000100000000
00000000000020030020000000000000
Campaign2
00000000000000000000300000000000
00000000000000000000300000000000
00000000000000000000300000000000
00000000000000000000300000000000
00000000000000000000300000000000
00000000000000000000300000000000
00000000000000000000300000000000
0000009aaa00000000003000008a0000
000000aaaa0000000000300000aa0000
000000aaaa0000000000300000000000
00000000000000000000300000000000
00000000000000000000300000000000
00000000000000000000300000000000
00000000000000000000300000000000
00000000000000000000300000000000
55555555555555555555344442444444
00000000000000000000000002000000
00000000000000000000700002000070
00000000000000000000000002000000
00000100000010000000000002000000
00000000000000000000000002000000
Campaign3
00000000000000000000000000000000
00000000000000000000000000000000
00000000000000000000000000000000
000008a000000000000000008a000000
00000aa00000000000000000aa000000
00000000000000000000000000000000
00000000000000000000000000000000
00000000000000000000000000000000
00000000000000000000000000000000
55555555555200000000000000000000
55555555555333333333333333333320
00000000000000000000000000000020
00000007000000700000000070000020
00000000000000000000000000000020
00000000000000000000000000000020
33333333333333333323333333333333
00000000000000000020000000000000
00000000000000700020700000007000
00000000000000000020000000000000
00000010100000000020000000000000
00000000000000000020000000000000
Campaign4
00000000000000000000000000000000
00000000000000000000000000000000
00000000000000000000000000000000
000009aaa0000009aaa00000009aaa00
00000aaaa000000aaaa0000000aaaa00
00000aaaa000000aaaa0000000aaaa00
00000000000000000000000000000000
00000000000000000000000000000000
00000000000000000000000000000000
00000000000000000000000000000000
00000000000000000000000000000000
00000010000000000000000010000000
00000000000000000000000000000000
33333333333333333033333335555555
00000000000000000000000000000000
00000000000000000000000700000070
00000000000000000000000000000000
00000000000000000000000000000000
6bbbbbbbbbbbbbb34444444444444444
00000000000000030000000000000000
00000000000000030000000000000000
Campaign5
00000000000000000000000000000000
000000000000009aaa00000000000000
00000000000000aaaa00000000000000
00000000000000aaaa00000000000000
00000000000000000000000000000000
00000000000000000000000000000000
00000000000000000000000000000000
00000000000000000000000000000000
00000000000000000000000000000000
333333336bbbbbbbbbb4444422444443
00000000555555555550000022000003
00070000000000000000000022000003
00000000000000070000000022000003
00000000000000000000000022000003
00000000000000000000000022000003
44444444444224434444422444444444
00000000000220030000022000000000
00000000000220030000022008a00000
0000000000022003000002200aa00000
00000100100220030000022000000000
00000000000220030000022000000000
Campaign6
00000000030000000000030000000000
000000000300009aaa00030000000000
00000000030000aaaa00030000000000
00000000030000aaaa00030000000000
00000000030000000000030000000000
00000000030000000000030000000000
00000000035555555555530000000000
00000000000000000000000000000000
00000000000000000000000000000000
00008a0000000000000000008a000000
0000aa000000000000000000aa000000
00000000000000000000000000000000
00000000000000000000000000000000
00000000000000000000000000000000
00000000000000000000000000000000
06bbbbb2333333333333333326bbbbb0
00000002000000030000000020000000
00000002000000030000000020000000
00000002000000030000000020000000
00000002000000030000000021000000
00000002000000030000000020000000
Campaign6
00000000000000000000000000000000
00000000000000000000000000000000
000009aaa00000000000009aaa000000
00000aaaa0000000000000aaaa000000
00000aaaa0000000000000aaaa000000
00000000000000000000000000000000
00000000000000000000000000000000
00000000000000000000000000000000
00000000000000000000000000000000
00000000000000000000000000000000
00000000000000000000000000000000
33333333355555555555333333333223
00000000000000000000030000000220
00000000000000000000030000000220
000000000000000008a0030000000220
00000000000000000aa0030007000220
00000000000000000000030000000220
00000000000000000000030000000220
00000000000000000000000000000220
00000010010000000000000000000220
00000000000000000000000000000220
 Campaign7
00000000000000000000003000000000
00000000000000000000003000000000
00000000000000000000003000000000
000000000000000000000030009aaa00
00000000000000000000003000aaaa00
00008a0000000009aaa0003000aaaa00
0000aa000000000aaaa0003000000000
000000000000000aaaa0003000000000
00000000000000000000003000000000
00000000000000000000003555555555
00000000000000000000000000000000
00000000000000000000000000000000
00000000000000000000000000000000
00000000000000000000000000000000
00000000000000000000000000000000
444444444444442436bbbbb444422444
00000000000000203000000000022000
000700000000002030008a0000022000
00000000000000203000aa0000022000
00000001000100203000000000022000
00000000000000203000000000022000
  Campaign8
00000000000000000000000000000000
00000000000000000000000000000000
000009aaa00000000000000000000000
00000aaaa0000000000000009aaa0000
00000aaaa000000000000000aaaa0000
000000000000000000000000aaaa0000
00000000000000000000000000000000
00000000000000000000000000000000
00000000000000000000000000000000
00000000000000000000000000000000
00000000000000000000000000000000
00000000000000000000000000000000
00000000000000000000000000000000
00000000000000000000000000000000
33333333333333333333333333233333
00000000003000000000000030200000
007000070030000008a0000030200000
00000000000000000aa0000000200000
00000000000000000000000000200000
00001100000000000000000000200000
00000000000000000000000000200000
Campaign9
00000000000000000000000000000000
00000000000000000000000000000000
00000000000000000000000000000000
00000000000000000000000000000000
0009aaa000000000000000009aaa0000
000aaaa00000000000000000aaaa0000
000aaaa00000000000000000aaaa0000
00000000000000000000000000000000
00000000000000000000000000000000
00000000000000000000000000000000
00000000000000000000000000000000
00000000000000000000000000000000
00000000000000000000000000000000
00000000000000000000000000000000
33333322333333322333333322333333
00000022000300022000300022000000
008a0022000300022070300022008a00
00aa002200030002200030002200aa00
00000022000300022000300022000000
00000022000311022100300022000000
00000022000300022000300022000000
Campaign10
00000000000000000000000000000000
00000000000000000000000000000000
00000000000000000000000000000000
00000000000000000000000000000000
0009aaa0000009aaa000000009aaa000
000aaaa000000aaaa00000000aaaa000
000aaaa000000aaaa00000000aaaa000
00000000000000000000000000000000
00000000000000000000000000000000
00000000000000000000000000000000
00006bbbbbb333223336bbbbbbbb0000
00000000000000220000000000000000
000000000008a02208a0000000000000
00000000000aa0220aa0000000000000
00000000000000220000000000000000
00000000000000220000000000000000
00000000000000220000000000000000
00000000000000220000000000000000
00000000000000220000000000000000
00000000001000220001000000000000
00000000000000220000000000000000